0.1 2.8074e-05 0.11 8.226165e-05 0.12
0.0002007745 0.13 0.0004258761 0.14 0.0008092417
0.15 0.001408409 0.16 0.002282713 0.17
0.003489447 0.18 0.005080716 0.19 0.007101181
0.2 0.009586709 0.21 0.0125638 0.22
0.01604966 0.23 0.02005269 0.24 0.02457333
0.25 0.029605 0.26 0.0351352 0.27
0.04114651 0.28 0.04761762 0.29 0.05452424
0.3 0.06183989 0.31 0.06953666 0.32
0.07758578 0.33 0.08595816 0.34 0.0946248
0.35 0.1035571 0.36 0.1127273 0.37
0.1221083 0.38 0.1316742 0.39 0.1414005
0.4 0.1512635 0.41 0.1612412 0.42
0.1713128 0.43 0.1814586 0.44 0.1916604
0.45 0.2019014 0.46 0.2121657 0.47
0.2224388 0.48 0.2327073 0.49 0.2429589
0.5 0.2531823 0.51 0.263367 0.52
0.2735038 0.53 0.283584 0.54 0.2935999
0.55 0.3035445 0.56 0.3134114 0.57
0.3231951 0.58 0.3328904 0.59 0.3424929
0.6 0.3519987 0.61 0.3614042 0.62
0.3707065 0.63 0.3799029 0.64 0.3889912
0.65 0.3979695 0.66 0.4068363 0.67
0.4155903 0.68 0.4242304 0.69 0.4327561
0.7 0.4411667 0.71 0.4494619 0.72
0.4576416 0.73 0.4657059 0.74 0.4736549
0.75 0.4814891 0.76 0.4892088 0.77
0.4968147 0.78 0.5043075 0.79 0.5116879
0.8 0.5189569 0.81 0.5261154 0.82
0.5331643 0.83 0.5401048 0.84 0.5469381
0.85 0.5536651 0.86 0.5602873 0.87
0.5668058 0.88 0.5732219 0.89 0.5795369
0.9 0.5857521 0.91 0.5918688 0.92
0.5978885 0.93 0.6038124 0.94 0.6096419
0.95 0.6153785 0.96 0.6210234 0.97
0.626578 0.98 0.6320437 0.99 0.6374219
1 0.642714 1.01 0.6479212 1.02
0.6530449 1.03 0.6580865 1.04 0.6630473
1.05 0.6679285 1.06 0.6727316 1.07
0.6774577 1.08 0.6821082 1.09 0.6866842
1.1 0.6911871 1.11 0.6956181 1.12
0.6999783 1.13 0.704269 1.14 0.7084914
1.15 0.7126465 1.16 0.7167356 1.17
0.7207598 1.18 0.7247202 1.19 0.7286178
1.2 0.7324538 1.21 0.7362291 1.22
0.739945 1.23 0.7436023 1.24 0.7472021
1.25 0.7507453 1.26 0.754233 1.27
0.7576661 1.28 0.7610455 1.29 0.7643722
1.3 0.7676471 1.31 0.770871 1.32
0.7740449 1.33 0.7771696 1.34 0.7802459
1.35 0.7832748 1.36 0.7862569 1.37
0.7891931 1.38 0.7920842 1.39 0.794931
1.4 0.7977342 1.41 0.8004945 1.42
0.8032127 1.43 0.8058896 1.44 0.8085258
1.45 0.8111219 1.46 0.8136788 1.47
0.816197 1.48 0.8186773 1.49 0.8211202
1.5 0.8235263 1.51 0.8258964 1.52
0.828231 1.53 0.8305307 1.54 0.8327961
1.55 0.8350278 1.56 0.8372263 1.57
0.8393923 1.58 0.8415261 1.59 0.8436284
1.6 0.8456998 1.61 0.8477406 1.62
0.8497515 1.63 0.8517328 1.64 0.8536852
1.65 0.8556091 1.66 0.8575049 1.67
0.8593732 1.68 0.8612143 1.69 0.8630288
1.7 0.864817 1.71 0.8665795 1.72
0.8683165 1.73 0.8700286 1.74 0.8717161
1.75 0.8733795 1.76 0.8750191 1.77
0.8766354 1.78 0.8782286 1.79 0.8797993
1.8 0.8813477 1.81 0.8828742 1.82
0.8843792 1.83 0.8858631 1.84 0.8873261
1.85 0.8887687 1.86 0.8901911 1.87
0.8915936 1.88 0.8929767 1.89 0.8943406
1.9 0.8956857 1.91 0.8970121 1.92
0.8983204 1.93 0.8996107 1.94 0.9008833
1.95 0.9021386 1.96 0.9033767 1.97
0.9045981 1.98 0.905803 1.99 0.9069916
2 0.9081642 2.01 0.9093169 2.02
0.910454 2.03 0.9115758 2.04 0.9126824
2.05 0.9137741 2.06 0.9148511 2.07
0.9159137 2.08 0.916962 2.09 0.9179963
2.1 0.9190166 2.11 0.9200234 2.12
0.9210167 2.13 0.9219967 2.14 0.9229636
2.15 0.9239177 2.16 0.9248591 2.17
0.9257879 2.18 0.9267044 2.19 0.9276088
2.2 0.9285012 2.21 0.9293817 2.22
0.9302507 2.23 0.9311081 2.24 0.9319543
2.25 0.9327893 2.26 0.9336133 2.27
0.9344264 2.28 0.9352289 2.29 0.9360209
2.3 0.9368025 2.31 0.9375739 2.32
0.9383351 2.33 0.9390865 2.34 0.939828
2.35 0.9405599 2.36 0.9412823 2.37
0.9419952 2.38 0.942699 2.39 0.9433935
2.4 0.9440791 2.41 0.9447559 2.42
0.9454238 2.43 0.9460832 2.44 0.946734
2.45 0.9473765 2.46 0.9480107 2.47
0.9486368 2.48 0.9492548 2.49 0.9498649
2.5 0.9504671 2.51 0.9510617 2.52
0.9516487 2.53 0.9522282 2.54 0.9528003
2.55 0.9533651 2.56 0.9539227 2.57
0.9544732 2.58 0.9550168 2.59 0.9555534
2.6 0.9560833 2.61 0.9566064 2.62
0.957123 2.63 0.957633 2.64 0.9581366
2.65 0.9586338 2.66 0.9591248 2.67
0.9596096 2.68 0.9600883 2.69 0.960561
2.7 0.9610278 2.71 0.9614888 2.72
0.9619439 2.73 0.9623934 2.74 0.9628373
2.75 0.9632757 2.76 0.9637086 2.77
0.9641361 2.78 0.9645583 2.79 0.9649752
2.8 0.965387 2.81 0.9657937 2.82
0.9661953 2.83 0.966592 2.84 0.9669838
2.85 0.9673707 2.86 0.9677529 2.87
0.9681303 2.88 0.9685032 2.89 0.9688714
2.9 0.9692351 2.91 0.9695943 2.92
0.9699492 2.93 0.9702997 2.94 0.9706459
2.95 0.9709879 2.96 0.9713257 2.97
0.9716593 2.98 0.9719889 2.99 0.9723145
3 0.9726362 3.01 0.9729539 3.02
0.9732678 3.03 0.9735778 3.04 0.9738841
3.05 0.9741867 3.06 0.9744856 3.07
0.9747809 3.08 0.9750726 3.09 0.9753608
3.1 0.9756456 3.11 0.9759269 3.12
0.9762048 3.13 0.9764794 3.14 0.9767506
3.15 0.9770186 3.16 0.9772834 3.17
0.977545 3.18 0.9778035 3.19 0.9780589
3.2 0.9783112 3.21 0.9785605 3.22
0.9788069 3.23 0.9790502 3.24 0.9792907
3.25 0.9795283 3.26 0.9797631 3.27
0.9799951 3.28 0.9802244 3.29 0.9804509
3.3 0.9806747 3.31 0.9808958 3.32
0.9811144 3.33 0.9813303 3.34 0.9815437
3.35 0.9817546 3.36 0.981963 3.37
0.9821689 3.38 0.9823723 3.39 0.9825734
3.4 0.9827721 3.41 0.9829685 3.42
0.9831625 3.43 0.9833543 3.44 0.9835438
3.45 0.9837311 3.46 0.9839161 3.47
0.9840991 3.48 0.9842798 3.49 0.9844584
3.5 0.984635 3.51 0.9848095 3.52
0.9849819 3.53 0.9851523 3.54 0.9853207
3.55 0.9854872 3.56 0.9856517 3.57
0.9858143 3.58 0.985975 3.59 0.9861338
3.6 0.9862908 3.61 0.9864459 3.62
0.9865992 3.63 0.9867508 3.64 0.9869006
3.65 0.9870486 3.66 0.987195 3.67
0.9873396 3.68 0.9874825 3.69 0.9876238
3.7 0.9877635 3.71 0.9879015 3.72
0.9880379 3.73 0.9881728 3.74 0.9883061
3.75 0.9884379 3.76 0.9885681 3.77
0.9886968 3.78 0.9888241 3.79 0.9889498
3.8 0.9890742 3.81 0.989197 3.82
0.9893185 3.83 0.9894386 3.84 0.9895573
3.85 0.9896746 3.86 0.9897906 3.87
0.9899052 3.88 0.9900185 3.89 0.9901306
3.9 0.9902413 3.91 0.9903507 3.92
0.9904589 3.93 0.9905659 3.94 0.9906716
3.95 0.9907762 3.96 0.9908795 3.97
0.9909816 3.98 0.9910826 3.99 0.9911824
4 0.9912811 4.01 0.9913786 4.02
0.9914751 4.03 0.9915704 4.04 0.9916646
4.05 0.9917578 4.06 0.9918499 4.07
0.9919409 4.08 0.992031 4.09 0.9921199
4.1 0.9922079 4.11 0.9922949 4.12
0.9923808 4.13 0.9924658 4.14 0.9925499
4.15 0.9926329 4.16 0.992715 4.17
0.9927962 4.18 0.9928765 4.19 0.9929559
4.2 0.9930343 4.21 0.9931119 4.22
0.9931885 4.23 0.9932644 4.24 0.9933393
4.25 0.9934134 4.26 0.9934866 4.27
0.9935591 4.28 0.9936307 4.29 0.9937015
4.3 0.9937715 4.31 0.9938407 4.32
0.9939091 4.33 0.9939767 4.34 0.9940436
4.35 0.9941097 4.36 0.9941751 4.37
0.9942397 4.38 0.9943036 4.39 0.9943668
4.4 0.9944292 4.41 0.994491 4.42
0.994552 4.43 0.9946124 4.44 0.9946721
4.45 0.9947311 4.46 0.9947894 4.47
0.9948471 4.48 0.9949041 4.49 0.9949605
4.5 0.9950163 4.51 0.9950714 4.52
0.9951259 4.53 0.9951798 4.54 0.9952331
4.55 0.9952858 4.56 0.9953379 4.57
0.9953894 4.58 0.9954403 4.59 0.9954907
4.6 0.9955404 4.61 0.9955897 4.62
0.9956383 4.63 0.9956865 4.64 0.995734
4.65 0.9957811 4.66 0.9958276 4.67
0.9958736 4.68 0.9959191 4.69 0.9959641
4.7 0.9960085 4.71 0.9960525 4.72
0.996096 4.73 0.9961389 4.74 0.9961814
4.75 0.9962235 4.76 0.996265 4.77
0.9963061 4.78 0.9963467 4.79 0.9963869
4.8 0.9964266 4.81 0.9964659 4.82
0.9965047 4.83 0.9965431 4.84 0.9965811
4.85 0.9966187 4.86 0.9966558 4.87
0.9966925 4.88 0.9967288 4.89 0.9967647
4.9 0.9968002 4.91 0.9968353 4.92
0.99687 4.93 0.9969043 4.94 0.9969382
4.95 0.9969718 4.96 0.9970049 4.97
0.9970378 4.98 0.9970702 4.99 0.9971023
5 0.997134 5.01 0.9971654 5.02
0.9971964 5.03 0.997227 5.04 0.9972574
5.05 0.9972874 5.06 0.997317 5.07
0.9973463 5.08 0.9973753 5.09 0.997404
5.1 0.9974324 5.11 0.9974604 5.12
0.9974881 5.13 0.9975156 5.14 0.9975427
5.15 0.9975695 5.16 0.997596 5.17
0.9976222 5.18 0.9976481 5.19 0.9976738
5.2 0.9976991 5.21 0.9977242 5.22
0.997749 5.23 0.9977735 5.24 0.9977977
5.25 0.9978217 5.26 0.9978454 5.27
0.9978689 5.28 0.9978921 5.29 0.997915
5.3 0.9979377 5.31 0.9979601 5.32
0.9979823 5.33 0.9980042 5.34 0.9980259
5.35 0.9980473 5.36 0.9980685 5.37
0.9980895 5.38 0.9981102 5.39 0.9981307
5.4 0.998151 5.41 0.9981711 5.42
0.9981909 5.43 0.9982105 5.44 0.9982299
5.45 0.9982491 5.46 0.9982681 5.47
0.9982868 5.48 0.9983054 5.49 0.9983237
5.5 0.9983419 5.51 0.9983598 5.52
0.9983776 5.53 0.9983951 5.54 0.9984125
5.55 0.9984297 5.56 0.9984466 5.57
0.9984634 5.58 0.99848 5.59 0.9984964
5.6 0.9985127 5.61 0.9985287 5.62
0.9985446 5.63 0.9985603 5.64 0.9985759
5.65 0.9985912 5.66 0.9986064 5.67
0.9986215 5.68 0.9986363 5.69 0.998651
5.7 0.9986656 5.71 0.9986799 5.72
0.9986942 5.73 0.9987082 5.74 0.9987221
5.75 0.9987359 5.76 0.9987495 5.77
0.998763 5.78 0.9987763 5.79 0.9987894
5.8 0.9988024 5.81 0.9988153 5.82
0.9988281 5.83 0.9988406 5.84 0.9988531
5.85 0.9988654 5.86 0.9988776 5.87
0.9988897 5.88 0.9989016 5.89 0.9989134
5.9 0.998925 5.91 0.9989366 5.92
0.998948 5.93 0.9989592 5.94 0.9989704
5.95 0.9989814 5.96 0.9989924 5.97
0.9990032 5.98 0.9990138 5.99 0.9990244
6 0.9990348 6.01 0.9990452 6.02
0.9990554 6.03 0.9990655 6.04 0.9990755
6.05 0.9990854 6.06 0.9990952 6.07
0.9991049 6.08 0.9991144 6.09 0.9991239
6.1 0.9991333 6.11 0.9991425 6.12
0.9991517 6.13 0.9991607 6.14 0.9991697
6.15 0.9991786 6.16 0.9991873 6.17
0.999196 6.18 0.9992046 6.19 0.9992131
6.2 0.9992215 6.21 0.9992298 6.22
0.999238 6.23 0.9992461 6.24 0.9992542
6.25 0.9992621 6.26 0.99927 6.27
0.9992778 6.28 0.9992855 6.29 0.9992931
6.3 0.9993006 6.31 0.9993081 6.32
0.9993154 6.33 0.9993227 6.34 0.9993299
6.35 0.9993371 6.36 0.9993441 6.37
0.9993511 6.38 0.999358 6.39 0.9993648
6.4 0.9993716 6.41 0.9993783 6.42
0.9993849 6.43 0.9993914 6.44 0.9993979
6.45 0.9994043 6.46 0.9994106 6.47
0.9994169 6.48 0.9994231 6.49 0.9994292
6.5 0.9994353 6.51 0.9994413 6.52
0.9994472 6.53 0.9994531 6.54 0.9994589
6.55 0.9994647 6.56 0.9994703 6.57
0.999476 6.58 0.9994815 6.59 0.999487
6.6 0.9994925 6.61 0.9994979 6.62
0.9995032 6.63 0.9995085 6.64 0.9995137
6.65 0.9995189 6.66 0.999524 6.67
0.999529 6.68 0.999534 6.69 0.999539
6.7 0.9995439 6.71 0.9995487 6.72
0.9995535 6.73 0.9995582 6.74 0.9995629
6.75 0.9995676 6.76 0.9995721 6.77
0.9995767 6.78 0.9995812 6.79 0.9995856
6.8 0.99959 6.81 0.9995944 6.82
0.9995987 6.83 0.9996029 6.84 0.9996072
6.85 0.9996113 6.86 0.9996155 6.87
0.9996195 6.88 0.9996236 6.89 0.9996276
6.9 0.9996315 6.91 0.9996354 6.92
0.9996393 6.93 0.9996432 6.94 0.9996469
6.95 0.9996507 6.96 0.9996544 6.97
0.9996581 6.98 0.9996617 6.99 0.9996653
7 0.9996689 7.01 0.9996724 7.02
0.9996759 7.03 0.9996793 7.04 0.9996827
7.05 0.9996861 7.06 0.9996895 7.07
0.9996928 7.08 0.999696 7.09 0.9996993
7.1 0.9997025 7.11 0.9997056 7.12
0.9997088 7.13 0.9997119 7.14 0.9997149
7.15 0.999718 7.16 0.999721 7.17
0.999724 7.18 0.9997269 7.19 0.9997298
7.2 0.9997327 7.21 0.9997356 7.22
0.9997384 7.23 0.9997412 7.24 0.999744
7.25 0.9997467 7.26 0.9997494 7.27
0.9997521 7.28 0.9997547 7.29 0.9997574
7.3 0.99976 7.31 0.9997625 7.32
0.9997651 7.33 0.9997676 7.34 0.9997701
7.35 0.9997726 7.36 0.999775 7.37
0.9997774 7.38 0.9997798 7.39 0.9997822
7.4 0.9997845 7.41 0.9997868 7.42
0.9997891 7.43 0.9997914 7.44 0.9997936
7.45 0.9997959 7.46 0.9997981 7.47
0.9998002 7.48 0.9998024 7.49 0.9998045
7.5 0.9998066 7.51 0.9998087 7.52
0.9998108 7.53 0.9998128 7.54 0.9998149
7.55 0.9998169 7.56 0.9998189 7.57
0.9998208 7.58 0.9998228 7.59 0.9998247
7.6 0.9998266 7.61 0.9998285 7.62
0.9998304 7.63 0.9998322 7.64 0.999834
7.65 0.9998358 7.66 0.9998376 7.67
0.9998394 7.68 0.9998412 7.69 0.9998429
7.7 0.9998446 7.71 0.9998463 7.72
0.999848 7.73 0.9998497 7.74 0.9998513
7.75 0.9998529 7.76 0.9998546 7.77
0.9998562 7.78 0.9998577 7.79 0.9998593
7.8 0.9998609 7.81 0.9998624 7.82
0.9998639 7.83 0.9998654 7.84 0.9998669
7.85 0.9998684 7.86 0.9998698 7.87
0.9998713 7.88 0.9998727 7.89 0.9998741
7.9 0.9998755 7.91 0.9998769 7.92
0.9998783 7.93 0.9998796 7.94 0.999881
7.95 0.9998823 7.96 0.9998836 7.97
0.9998849 7.98 0.9998862 7.99 0.9998875
8 0.9998888 8.01 0.99989 8.02
0.9998913 8.03 0.9998925 8.04 0.9998937
8.05 0.9998949 8.06 0.9998961 8.07
0.9998973 8.08 0.9998984 8.09 0.9998996
8.1 0.9999007 8.11 0.9999018 8.12
0.999903 8.13 0.9999041 8.14 0.9999052
8.15 0.9999062 8.16 0.9999073 8.17
0.9999084 8.18 0.9999094 8.19 0.9999105
8.2 0.9999115 8.21 0.9999125 8.22
0.9999135 8.23 0.9999145 8.24 0.9999155
8.25 0.9999165 8.26 0.9999175 8.27
0.9999184 8.28 0.9999194 8.29 0.9999203
8.3 0.9999213 8.31 0.9999222 8.32
0.9999231 8.33 0.999924 8.34 0.9999249
8.35 0.9999258 8.36 0.9999266 8.37
0.9999275 8.38 0.9999284 8.39 0.9999292
8.4 0.99993 8.41 0.9999309 8.42
0.9999317 8.43 0.9999325 8.44 0.9999333
8.45 0.9999341 8.46 0.9999349 8.47
0.9999357 8.48 0.9999365 8.49 0.9999372
8.5 0.999938 8.51 0.9999387 8.52
0.9999395 8.53 0.9999402 8.54 0.9999409
8.55 0.9999416 8.56 0.9999424 8.57
0.9999431 8.58 0.9999438 8.59 0.9999444
8.6 0.9999451 8.61 0.9999458 8.62
0.9999465 8.63 0.9999471 8.64 0.9999478
8.65 0.9999484 8.66 0.9999491 8.67
0.9999497 8.68 0.9999503 8.69 0.999951
8.7 0.9999516 8.71 0.9999522 8.72
0.9999528 8.73 0.9999534 8.74 0.999954
8.75 0.9999545 8.76 0.9999551 8.77
0.9999557 8.78 0.9999563 8.79 0.9999568
8.8 0.9999574 8.81 0.9999579 8.82
0.9999585 8.83 0.999959 8.84 0.9999595
8.85 0.99996 8.86 0.9999606 8.87
0.9999611 8.88 0.9999616 8.89 0.9999621
8.9 0.9999626 8.91 0.9999631 8.92
0.9999635 8.93 0.999964 8.94 0.9999645
8.95 0.999965 8.96 0.9999654 8.97
0.9999659 8.98 0.9999664 8.99 0.9999668
9 0.9999672 9.01 0.9999677 9.02
0.9999681 9.03 0.9999686 9.04 0.999969
9.05 0.9999694 9.06 0.9999698 9.07
0.9999702 9.08 0.9999706 9.09 0.999971
9.1 0.9999714 9.11 0.9999718 9.12
0.9999722 9.13 0.9999726 9.14 0.999973
9.15 0.9999734 9.16 0.9999737 9.17
0.9999741 9.18 0.9999745 9.19 0.9999748
9.2 0.9999752 9.21 0.9999755 9.22
0.9999759 9.23 0.9999762 9.24 0.9999766
9.25 0.9999769 9.26 0.9999772 9.27
0.9999776 9.28 0.9999779 9.29 0.9999782
9.3 0.9999785 9.31 0.9999788 9.32
0.9999791 9.33 0.9999795 9.34 0.9999798
9.35 0.9999801 9.36 0.9999803 9.37
0.9999806 9.38 0.9999809 9.39 0.9999812
9.4 0.9999815 9.41 0.9999818 9.42
0.999982 9.43 0.9999823 9.44 0.9999826
9.45 0.9999828 9.46 0.9999831 9.47
0.9999834 9.48 0.9999836 9.49 0.9999839
9.5 0.9999841 9.51 0.9999844 9.52
0.9999846 9.53 0.9999849 9.54 0.9999851
9.55 0.9999853 9.56 0.9999856 9.57
0.9999858 9.58 0.999986 9.59 0.9999862
9.6 0.9999865 9.61 0.9999867 9.62
0.9999869 9.63 0.9999871 9.64 0.9999873
9.65 0.9999875 9.66 0.9999877 9.67
0.9999879 9.68 0.9999881 9.69 0.9999883
9.7 0.9999885 9.71 0.9999887 9.72
0.9999889 9.73 0.9999891 9.74 0.9999892
9.75 0.9999894 9.76 0.9999896 9.77
0.9999898 9.78 0.99999 9.79 0.9999901
9.8 0.9999903 9.81 0.9999905 9.82
0.9999906 9.83 0.9999908 9.84 0.9999909
9.85 0.9999911 9.86 0.9999913 9.87
0.9999914 9.88 0.9999916 9.89 0.9999917
9.9 0.9999919 9.91 0.999992 9.92
0.9999921 9.93 0.9999923 9.94 0.9999924
9.95 0.9999926 9.96 0.9999927 9.97
0.9999928 9.98 0.999993 9.99 0.9999931
10 0.9999932
